%YAML:1.0

#intrinsic
fx: 628.76     #5.3559603642831371e+02
fy: 634.751    #5.3572146950583328e+02
cx: 325.319    #3.1746365476030900e+02
cy: 236.408    #2.3503066656877743e+02

# observe origin  (JOINT ANGLE)
obs_origin: [2.8515284061431885, -0.9608081022845667, -2.4644935766803187, -0.6627243200885218, 1.6958696842193604, 1.4279900789260864]

#speed and acceleration for observe pose(speed and acceleration are set to the same)
speed_go: 0.8 #3.5 #5.0
speed_re: 0.8 #9.0 #9.0

#first image number for FCN sampling
start_img_num: 0

#teached pose
num_teached: 1

#teached pose for sr300 (JOINT ANGLE)
teached_joint_0: [2.4788198471069336, -2.076451126729147, -1.3985002676593226, -1.6559713522540491, 2.123699903488159, 0.7814306616783142]
#teached_joint_0 is not a data collection position, but a start position to get ready, so the number of teached point is teached_joint_1-->teached_joint_X.
teached_joint_1: [2.439441442489624, -1.4161270300494593, -2.297138039265768, -0.5541909376727503, 2.1226930618286133, 0.7704205513000488]





#teached pose for sr300 (POSE)
teached_pose_1: [-0.5740842269936949, 0.6114355987948606, 0.4263167396825624, 2.3111298908922295, 1.3934591404116536, -0.7441835527710511]
teached_pose_2: [-0.3454562412768885, 0.48300133763017883, 0.4633134036575452, 2.849447720259241, 0.42752496252760824, -0.9319981325044966]
teached_pose_3: [-0.2873098793068334, 0.2439138268924207, 0.4633108526588436, -2.967876844910219, 0.15970462106121147, 0.9772781957775029]
teached_pose_4: [-0.40575013215766215, -0.06375070241230008, 0.4633446944754628, -2.5354564458358855, 1.1367233791255593, 0.8458554689309981]
teached_pose_5: [-0.8377724571258375, -0.2665066336226444, 0.4633278680697392, -1.7269654856370034, 1.9656868250009294, 0.5890054190378452]

#teached pose for xtion (POSE)
teached_pose_x1: [-0.317437612001868, 0.5631436157670905, 0.4028427551837185, 2.424029754764448, -0.30959283598733967, -0.7894513523394356]
teached_pose_x2: [-0.3262533540679727, 0.426280334764917, 0.40281236368386103, 2.8441392438993764, 0.32186701647127963, -1.02730042023267]
teached_pose_x3: [-0.32228836913037273, 0.21229537839681062, 0.4028249129605588, -2.932789868511485, 0.1735277568974926, 1.0655236577725202]
teached_pose_x4: [-0.3834843668345058, -0.0322150961494763, 0.4028227165400911, -2.6314671811333223, 0.8983292449997349, 0.9657379643313425]
teached_pose_x5: [-0.661301910805509, -0.21318056396494456, 0.4028525992997485, -2.110320393183449, 1.5783492932745882, 0.785450581468712]

#num of object class
num_class: 4

#num of places to place
num_place: 4

#pick pose for each object(RELATIVE POSE)
pick_id_1: "S"
pick_id_2: "J"
pick_id_3: "T"
pick_id_4: "U"

pick_pose_1: [0,0,0.22,2.5416,1.84658,0]  #S
pick_pose_2: [0,0.008,0.22,3.141592653589793,0,0]  #J
pick_pose_3: [0,0,0.22,3.141592653589793,0,0]  #T
pick_pose_4: [0,-0.02,0.22,3.141592653589793,0,0]  #U

##-------------------------------------------------------

#place pose for each object(JOINT)
place_id_1: "S"
place_id_2: "J"
place_id_3: "T"
place_id_4: "U"

place_pose_1: [-0.3100, 0.500, 0.240, 2.49239, 1.91248, 0]  #S
place_pose_2: [-0.320, 0.360, 0.240, 0.056075084595008436, 3.139793773497403, 0.0021680649000294636]  #J
place_pose_3: [-0.320, 0.220, 0.240, 3.139793773497403, 0.0021680649000294636]  #T
place_pose_4: [-0.320, 0.080, 0.240, 3.139793773497403, 0.0021680649000294636]  #U

place_joint_1: [2.402283191680908, -1.6483419577227991, -2.263317410145895, -0.8774331251727503, 1.5936022996902466, 2.674144744873047]  #S
place_joint_2: [2.6432158946990967, -1.4628565947162073, -2.465536657963888, -0.784372631703512, 1.566408634185791, 4.2487993240356445]  #J
place_joint_3: [2.973200559616089, -1.2507827917682093, -2.61133844057192, -0.8512275854693812, 1.5667442083358765, 4.57878303527832]  #T
place_joint_4: [3.4143178462982178, -1.0718606154071253, -2.6925841013537806, -0.9494746367083948, 1.5673553943634033, 5.020090103149414]  #U

#eye hand calibration
eh_axis: [8.8074963529603777e-03, 1.4844459686198202e-02, -9.9985104622081222e-01]
eh_theta: 1.5952584743499756e+00
eh_translation: [-8.9365028826133056e+01, 2.4212905343596024e+01, 1.4977273124188573e+01]

#object instance distance threshold
ins_dist: 0.2  #m
DepthMapFactor: 1000.0  #8000.832086537001   #8000.832086537001
#DepthMapFactor is different for different cameras.1000.0 for ASUS, 8000.832086537001 for realsense

#for debug,point cloud file name
file_name: "f"

#object instance distance threshold
contour_size: 100  #m
area_size: 600
leaf_size: 0.005
mean_k: 50
std_mul_thres: 1.0

#model number
num_model: 4
model_1: "model/S_f.ply"
model_2: "model/T_f.ply"
model_3: "model/J_f.ply"
model_4: "model/U_f.ply"

#topic to subscribe
color_topic: "/camera/rgb/image_raw"   #"color"
depth_topic: "/camera/depth_registered/sw_registered/image_rect_raw"   #"depth"
ur_topic: "ur"   #"ur"

#pose estimation parameters
icp_thres: 0.01
icp_time: 25


