%YAML:1.0

#intrinsic
fx: 628.76     #5.3559603642831371e+02
fy: 634.751    #5.3572146950583328e+02
cx: 325.319    #3.1746365476030900e+02
cy: 236.408    #2.3503066656877743e+02

# observe origin  (JOINT ANGLE)
obs_origin: [2.8515284061431885, -0.9608081022845667, -2.4644935766803187, -0.6627243200885218, 1.6958696842193604, 1.4279900789260864]

#speed and acceleration for observe pose(speed and acceleration are set to the same)
speed_go: 0.8 #3.5 #5.0
speed_re: 0.8 #9.0 #9.0

#first image number for FCN sampling
start_img_num: 0

#teached pose
num_teached: 25

#teached pose for sr300 (JOINT ANGLE)
teached_joint_0: [2.4788198471069336, -2.076451126729147, -1.3985002676593226, -1.6559713522540491, 2.123699903488159, 0.7814306616783142]
#teached_joint_0 is not a data collection position, but a start position to get ready, so the number of teached point is teached_joint_1-->teached_joint_X.
teached_joint_1: [2.439441442489624, -1.4161270300494593, -2.297138039265768, -0.5541909376727503, 2.1226930618286133, 0.7704205513000488]
teached_joint_2: [2.983396530151367, -1.0489419142352503, -2.5635343233691614, -0.4050534407245081, 1.6169735193252563, 1.5462324619293213]
teached_joint_3: [3.8343517780303955, -0.9504311720477503, -2.505371395741598, -1.0481537024127405, 0.8987363576889038, 2.8483378887176514]
teached_joint_4: [3.7226381301879883, -1.9174259344684046, -1.543457333241598, -1.7081802527057093, 1.022329330444336, 3.9350364208221436]
teached_joint_5: [3.612588405609131, -2.201966110860006, -1.0991643110858362, -1.9418571631061, 1.103493571281433, 4.044413089752197]
teached_joint_6: [3.9762022495269775, -1.4964826742755335, -2.2449267546283167, -1.2066872755633753, 0.9135024547576904, 3.5011112689971924]
teached_joint_7: [3.171339511871338, -1.3287103811847132, -2.6696062723742884, -0.05439502397646123, 1.5234538316726685, 1.639907956123352]
teached_joint_8: [2.5588507652282715, -1.6763928572284144, -2.4335888067828577, -0.09009057680238897, 2.2566311359405518, 1.9455482959747314]
teached_joint_9: [3.03096866607666, -1.6508429686175745, -1.7252734343158167, -1.3388035933123987, 1.5911695957183838, 1.4968990087509155]
teached_joint_10: [3.700685977935791, -1.415241543446676, -1.6272848288165491, -1.781440560017721, 1.05304753780365, 1.8205337524414062]
teached_joint_11: [3.4507856369018555, -1.369744125996725, -1.6929219404803675, -1.5496051947223108, 1.272545337677002, 1.548499345779419]
teached_joint_12: [3.2510273456573486, -1.3847020308123987, -1.6908963362323206, -1.4709141890155237, 1.4011701345443726, 1.3590444326400757]
teached_joint_13: [3.010925054550171, -1.380657974873678, -1.6965916792498987, -1.4489815870868128, 1.5754451751708984, 1.4775279760360718]
teached_joint_14: [2.757281541824341, -1.5143244902240198, -1.5714681784259241, -1.489936653767721, 1.7292240858078003, 1.2283973693847656]
teached_joint_15: [2.5535740852355957, -1.6933983008014124, -1.3643620649920862, -1.6524012724505823, 1.9050408601760864, 1.0316616296768188]
teached_joint_16: [2.422318935394287, -1.8733328024493616, -1.1249802748309534, -1.8305862585650843, 1.9829533100128174, 0.8862795233726501]
teached_joint_17: [2.4322712421417236, -1.880765740071432, -1.341891113911764, -1.6020267645465296, 1.9837682247161865, 0.8964627385139465]
teached_joint_18: [2.578517198562622, -1.6980412642108362, -1.5806172529803675, -1.480713192616598, 1.9954535961151123, 1.0558065176010132]
teached_joint_19: [2.7806687355041504, -1.5334838072406214, -1.778930966054098, -1.268468205128805, 1.750521183013916, 1.254654049873352]
teached_joint_20: [2.9796903133392334, -1.4258917013751429, -1.8825519720660608, -1.2409070173846644, 1.735108733177185, 1.4564777612686157]
teached_joint_21: [3.2243969440460205, -1.3487189451800745, -1.9468310515033167, -1.2403443495379847, 1.4302464723587036, 1.6503907442092896]
teached_joint_22: [3.572786331176758, -1.3295958677874964, -1.937599007283346, -1.4541080633746546, 1.092299222946167, 1.9836244583129883]
teached_joint_23: [3.9086246490478516, -0.8034489790545862, -2.310397450123922, -1.3022220770465296, 0.9508486390113831, 2.713026762008667]
teached_joint_24: [3.1701159477233887, -0.9259074370013636, -2.284849230443136, -1.0488484541522425, 1.4214129447937012, 1.8216969966888428]
teached_joint_25: [2.593735456466675, -1.2304862181292933, -2.1231167952166956, -0.9728172461139124, 1.8509901762008667, 0.9276711344718933]
















#teached pose for sr300 (POSE)
teached_pose_1: [-0.5740842269936949, 0.6114355987948606, 0.4263167396825624, 2.3111298908922295, 1.3934591404116536, -0.7441835527710511]
teached_pose_2: [-0.3454562412768885, 0.48300133763017883, 0.4633134036575452, 2.849447720259241, 0.42752496252760824, -0.9319981325044966]
teached_pose_3: [-0.2873098793068334, 0.2439138268924207, 0.4633108526588436, -2.967876844910219, 0.15970462106121147, 0.9772781957775029]
teached_pose_4: [-0.40575013215766215, -0.06375070241230008, 0.4633446944754628, -2.5354564458358855, 1.1367233791255593, 0.8458554689309981]
teached_pose_5: [-0.8377724571258375, -0.2665066336226444, 0.4633278680697392, -1.7269654856370034, 1.9656868250009294, 0.5890054190378452]

#teached pose for xtion (POSE)
teached_pose_x1: [-0.317437612001868, 0.5631436157670905, 0.4028427551837185, 2.424029754764448, -0.30959283598733967, -0.7894513523394356]
teached_pose_x2: [-0.3262533540679727, 0.426280334764917, 0.40281236368386103, 2.8441392438993764, 0.32186701647127963, -1.02730042023267]
teached_pose_x3: [-0.32228836913037273, 0.21229537839681062, 0.4028249129605588, -2.932789868511485, 0.1735277568974926, 1.0655236577725202]
teached_pose_x4: [-0.3834843668345058, -0.0322150961494763, 0.4028227165400911, -2.6314671811333223, 0.8983292449997349, 0.9657379643313425]
teached_pose_x5: [-0.661301910805509, -0.21318056396494456, 0.4028525992997485, -2.110320393183449, 1.5783492932745882, 0.785450581468712]

#num of object class
num_class: 4

#num of places to place
num_place: 4

#pick pose for each object(RELATIVE POSE)
pick_id_1: "S"
pick_id_2: "J"
pick_id_3: "T"
pick_id_4: "U"

pick_pose_1: [0,0,0.22,2.5416,1.84658,0]  #S
pick_pose_2: [0,0.008,0.22,3.141592653589793,0,0]  #J
pick_pose_3: [0,0,0.22,3.141592653589793,0,0]  #T
pick_pose_4: [0,-0.02,0.22,3.141592653589793,0,0]  #U

##-------------------------------------------------------

#place pose for each object(JOINT)
place_id_1: "S"
place_id_2: "J"
place_id_3: "T"
place_id_4: "U"

place_pose_1: [-0.3100, 0.500, 0.240, 2.49239, 1.91248, 0]  #S
place_pose_2: [-0.320, 0.360, 0.240, 0.056075084595008436, 3.139793773497403, 0.0021680649000294636]  #J
place_pose_3: [-0.320, 0.220, 0.240, 3.139793773497403, 0.0021680649000294636]  #T
place_pose_4: [-0.320, 0.080, 0.240, 3.139793773497403, 0.0021680649000294636]  #U

place_joint_1: [2.402283191680908, -1.6483419577227991, -2.263317410145895, -0.8774331251727503, 1.5936022996902466, 2.674144744873047]  #S
place_joint_2: [2.6432158946990967, -1.4628565947162073, -2.465536657963888, -0.784372631703512, 1.566408634185791, 4.2487993240356445]  #J
place_joint_3: [2.973200559616089, -1.2507827917682093, -2.61133844057192, -0.8512275854693812, 1.5667442083358765, 4.57878303527832]  #T
place_joint_4: [3.4143178462982178, -1.0718606154071253, -2.6925841013537806, -0.9494746367083948, 1.5673553943634033, 5.020090103149414]  #U

#eye hand calibration
eh_axis: [8.8074963529603777e-03, 1.4844459686198202e-02, -9.9985104622081222e-01]
eh_theta: 1.5952584743499756e+00
eh_translation: [-8.9365028826133056e+01, 2.4212905343596024e+01, 1.4977273124188573e+01]

#object instance distance threshold
ins_dist: 0.2  #m
DepthMapFactor: 1000.0  #8000.832086537001   #8000.832086537001
#DepthMapFactor is different for different cameras.1000.0 for ASUS, 8000.832086537001 for realsense

#for debug,point cloud file name
file_name: "f"

#object instance distance threshold
contour_size: 100  #m
area_size: 600
leaf_size: 0.005
mean_k: 50
std_mul_thres: 1.0

#model number
num_model: 4
model_1: "model/S_f.ply"
