<?xml version="1.0"?>
<opencv_storage>
<A_NUM>4</A_NUM>
<A1>
  0.5 0. 0. 0. 0. 0. 0.</A1>
<A2>
  0.5 0.5 0. 0. 0. 0. 0.</A2>
<A3>
  0. 0.5 0. 0. 0. 0. 0.</A3>
<A4>
  0. 0. 0. 0. 0. 0. 0.</A4>
</opencv_storage>
