<?xml version="1.0"?>
<opencv_storage>
<points>A0 A1 A2 A3 A4 A5 A6 A7</points>

  <A0>0. 0. 0. 0. 0. 0. 1.</A0>
  <A1>1.16466 0.0172721 0 0 0 0 1 </A1>
  <A2>1.40176 0.468298 0 0 0 0.710652 0.703544</A2>
  <A3>1.9059 0.473151 0 0 0 0.71067 0.703526</A3>
  <A4>2.41295 0.478278 0 0 0 0.710625 0.703571</A4>
  <A5>2.51006 0.0690476 0 0 0 0.710638 0.703558</A5>
  <A6>2.20593 -0.316327 0 0 0 -0.698494 0.715615</A6>
  <A7>1.65094 -0.32999 0 0 0 -0.698465 0.715645</A7>

</opencv_storage>
